1111111111 ‘ 111

non 111111 tanao praebuit 401111111111 genera, 1111 digua
1111111111111111111. vio· 14 vo· 110. 161. 167. 169. 246.

247. 265. 282. 431. 438. 458. 480. 554. 563. 593. 595.
658. 797. 800. 862. 878. 892. 974. 991. 0111111111
11414111 11111111 1111 ad 11. 454. 501. 560. 696.,111Ι
onai 841 1111111, 11141 1111111111111111111 11141111.

1114111 41111111 1111 1114111 11411111 1114111111,
11141111111811111811111111111011111111111-
111. Nan Bodleiano aaaigoata 1111, 1111 11 1111 111
114111, 11111141. 217. 377. 733. 1111111111.- 11111
111111 1111 maria, 1111 14114111 1111 1111 11111111111111
aooaunoaaoa. 7141 1111.141. 15. 32. 93. 140. 178. 199.
200. 246. 247. 281. 345. 375. 384. 398. 628. 658. 669.

705. 748. 81 1. 850. 851. 856. 877. 880. 887. 960. 972.
979. 981. 01114141114111 11141111111111111111 tra·

411 aa 1. 1019., 11111 1111 4111111111, 11111 1111111 tanen
111411. vioe 11. 178. 228. 246. 247. 270. 628. 658.
781. 825. 979. 11111111 ex cantabrigiensi 11111111
111 11111111 1111111111 genera, 1111 1111 quam 11111111 1111111
14 reliqum 1111111111 11111111141111.

11111 111111 exempla 11 11111111111 1111111 111114111·
11111, non 111111111111111111 4111 annotationi· 11111,1111
1114111 1111111111411111111111111 111 611111111111 1141·
111111 11111111 11111111111111111111411. at 111111 111
11111111 1111111111 1111111 1111111111, 1111111111111111111
aa dmupeo· motaverit. 814 11111111 1111111 exempli· 111·
1111111111 4111111111 411111111 11411111 1111 1114111 111 11111111
ab 114111111111114111 similitudinem 11141 111 1111111101,
proin o'x 11111111111111111111111 111111 111111ιί111 1111111

11111111 11111 11111111111111 1111111111
1111111111 111111111ιί1 14 111111 facienoum 1111111111
111 111411 111111115 61111111111 1111111111 11111 1141111
14115111,- 11111111 11111111 11111011111111 1141 1111111, 1114
plui-a 1111· 4111111111, 1111 14 4111111141 1111111111411·
«inho 111 14 11111511114111 1111111111 1111111111111 111111·
1114111111111 nat, prono· praeteriit, - 1111111111 11111·
11111111 111 11111111 141111111 1111111 -, 111111111111111 1111111
napinam ox 11111110 1111116111 111111111111 exempli&
1111111 ai 111111 1111111111 1111111111, 11111 non 1111111111111111
aaa 1111111 111 laudationem. Haeo aa 11101111111111111·
aa· 1111111111 libro 1111111 11111.

-14111 41 4111111111 14111111, 11111 1114111111111
11141 111 11111111141111111, 111 11111 111111 11111111 111. · 1111·
4111111111 1111 exponam, 111 111111111111111-

 

