- ΗΒ. 111. 011³. V. m,

1111111. 11 1.,1. m 111111111111111111111111111111·
111111 11111111, qm 1111111111111 1111111 1111111111· 111 11
11111,1111111111111·111111111111 11111111111. 01111111
11111 1111111111 111111 1111111111 1111111. 11711111 1111
&niul 1111111111 111111 111111 11111111.. V. 111111. Im
11111. 1. 1. Papias. Qvoeim mgnum 11111111 11111 1111
11111111 1111 11111111 interpret-tine 11111- 111111111111·
1111111111 111 1111111111 ex Ρ1111·11111111 1111 non 1111
proptera quod 11 11111111 11111111 1111111111 1111111111 111
1111 1111111 1111111111 1111111 congrum. 111111111111111111 1111
1111111 1111111111111 1111111111 11 111111111111111111111111
111111111111. Quod qm 111 111, 11111111 1111 11111 111111
1111111111 111111 6111111111 1111111111 1111111111 1111111111*
11111111 1111111 111111, qm 11 1111111111 1111111 11111111 mo
,11111111 11111111. · · ·

1111 1111111 testimoniorum 1111111111 11111111-1111111111
1111, non 1111111111111111. Nm 1111111, qut-qun
111 genere 1111111111 111111 111 1111111111,1111111111 1111
1111111111111111 111 11111111, 111 111 1111111 1111111111·-
111 1111111111. minimam 111111111111 1111 disquisition· μ’·
111111111 11111111-11111111-11, 111 11111111111111111111111
nummum imago 1111111111 111111111111. 11111111 31111
11111 111, quando 111111 1111111, 111 1111111 111111111111 111
11111111111111111111-11111111 1111. · ·-Τ111111 1111111 11 long·
guvia· 1111111111111111111111111, qm 11111111 1111111 ln·-
dgnitn 11111. 1111111ιί1111 11111111 11111111 1111111111, nbi 11-
11111 1111111111 111111111 11111111 111. 11111 1111111111 1111
1111111 profecto 11111111 1111111111111111111111111 1111111 11-
111111 11111111. sod 1111111111 1111111 1111111 11111 1111111
ΐωᾞῗῃέ ‘11¹.:⁶.5{?!';›’‚t:'2·:.2·:.3:;:³;·:2·.·3.⁸.22.¹:
1111111111111111,11111 11 1111111111111111111111
1111111111111111111111111111111111111111111111-
{lgm 11111, 111 11 11111-1111111 11111 1111111111 1111111 1111
1111111111111111111111111111111111111, 1111111 111111 111111
111111111111111111μ1 1111111111111. M 1111111111 11111111
1111 11111111111111 111111111111111 1111111111 111111 11 1111111111
morium 11111111111 11 111111 11111 1111111111 negligendi·
11111111111 magun 1111111111 1111111111 111111111, 111 qun
111111 11111111 institutum 111 1111111111 1111 1111111111111111-
portantium 11111, pro 11111 11111111 11111 1111111111 1111·
11111111. Contra 111 111111111111111111111111111111 111111 geum
111111111111111111111111111 11111111111111 11111111 1111111111 111111-
111 nunt, 11111111ιὶ11 11 111111111111111111111111111111111

legitimi 1111111111 1111111111 11111111, ,11111111 1111111111

 

